	A	T	C	G
ACA	1	23	7206345	1
ACT	2	11	5547534	0
ACC	0	14	4111325	0
ACG	2	42	890381	1
ATA	3	13660788	5	1
ATT	4	16235621	4	1
ATC	0	9384936	6	0
ATG	1	11762899	7	0
TCA	4	16	7126949	1
TCT	1	4	7695501	0
TCC	0	12	5504952	0
TCG	1	37	764086	0
TTA	5	14909653	4	1
TTT	7	25684233	5	5
TTC	5	14400464	1	0
TTG	3	12653012	5	2
CCA	7	26	6718344	1
CCT	12	9	6285785	0
CCC	5	12	4699768	0
CCG	2	60	946879	1
CTA	2	9150977	2	0
CTT	3	13378012	4	0
CTC	2	11923194	6	0
CTG	4	13348652	13	0
GCA	1	11	3447577	1
GCT	4	11	4864840	0
GCC	3	17	4308073	0
GCG	2	41	800231	0
GTA	1	8161867	3	1
GTT	1	9720734	6	1
GTC	0	6889526	1	0
GTG	0	9794314	3	1
TGT	9	103	2	7206285
AGT	9	66	0	5547506
GGT	9	77	1	4111286
CGT	10	14	1	890394
TAT	13660790	2	1	6
AAT	16235630	2	2	0
GAT	9384937	2	0	4
CAT	11762906	1	0	5
TGA	5	738	2	7126605
AGA	6	599	1	7695206
GGA	4	554	1	5504674
CGA	10	52	0	764079
TAA	14909650	5	3	3
AAA	25684238	7	3	2
GAA	14400463	1	2	3
CAA	12653012	1	5	3
TGG	11	900	1	6717910
AGG	6	803	1	6285374
GGG	5	790	1	4699379
CGG	11	134	0	946845
TAG	9150975	0	1	1
AAG	13378012	2	1	3
GAG	11923197	5	0	1
CAG	13348658	11	0	3
TGC	10	149	1	3447508
AGC	5	142	3	4864773
GGC	4	158	0	4307999
CGC	9	36	0	800224
TAC	8161868	1	0	1
AAC	9720735	4	2	0
GAC	6889532	1	0	0
CAC	9794305	1	1	2
