	A	T	C	G
ACA	37405	14743	550494991	3444
ACT	26528	5924	425549146	2244
ACC	17279	6397	309346068	1808
ACG	3158	2833	65721985	470
ATA	23259	543321668	24786	28087
ATT	23015	655329718	27893	51160
ATC	17330	358522125	18832	6198
ATG	16072	459860913	21588	24203
TCA	40647	11321	541983569	3236
TCT	46052	8600	592969854	3475
TCC	28613	7454	415705763	2551
TCG	3113	1822	56189521	457
TTA	22758	583473694	30298	24127
TTT	33260	1021447577	55775	58329
TTC	24710	550844164	34547	6967
TTG	17394	488337220	28109	19700
CCA	40783	13524	503690070	3598
CCT	38660	6949	473118650	3071
CCC	29967	7497	349560657	2757
CCG	4525	2751	67547194	569
CTA	12462	356626673	23996	17942
CTT	16833	531802985	38012	38049
CTC	20999	447241985	34595	7924
CTG	17194	507366237	39684	26251
GCA	14583	8638	258207227	2390
GCT	23314	6841	366947074	3077
GCC	18232	9140	316390421	3101
GCG	2508	2913	56697941	822
GTA	12317	315602037	16162	11574
GTT	14046	386799388	20815	24499
GTC	11630	259417269	15671	4322
GTG	15887	372304392	19975	18434
TGT	14743	37405	3444	550494991
AGT	5924	26528	2244	425549146
GGT	6397	17279	1808	309346068
CGT	2833	3158	470	65721985
TAT	543321668	23259	28087	24786
AAT	655329718	23015	51160	27893
GAT	358522125	17330	6198	18832
CAT	459860913	16072	24203	21588
TGA	11321	40647	3236	541983569
AGA	8600	46052	3475	592969854
GGA	7454	28613	2551	415705763
CGA	1822	3113	457	56189521
TAA	583473694	22758	24127	30298
AAA	1021447577	33260	58329	55775
GAA	550844164	24710	6967	34547
CAA	488337220	17394	19700	28109
TGG	13524	40783	3598	503690070
AGG	6949	38660	3071	473118650
GGG	7497	29967	2757	349560657
CGG	2751	4525	569	67547194
TAG	356626673	12462	17942	23996
AAG	531802985	16833	38049	38012
GAG	447241985	20999	7924	34595
CAG	507366237	17194	26251	39684
TGC	8638	14583	2390	258207227
AGC	6841	23314	3077	366947074
GGC	9140	18232	3101	316390421
CGC	2913	2508	822	56697941
TAC	315602037	12317	11574	16162
AAC	386799388	14046	24499	20815
GAC	259417269	11630	4322	15671
CAC	372304392	15887	18434	19975
