	A	T	C	G
ACA	1.3666863200791507e-09	1.3804747873952342e-09	0.9999999962802539	9.725849773668943e-10
ACT	1.6158592173817623e-09	1.4218855799919415e-09	0.9999999957240464	1.2382087392759324e-09
ACC	2.2143127344797525e-09	2.211036601222425e-09	0.999999993854407	1.7202436672093363e-09
ACG	9.874248289303772e-09	1.7864195573341415e-08	0.9999999640395669	8.221989181921517e-09
ATA	1.2623288282068555e-09	0.999999995356611	2.1878929968216202e-09	1.1931671884725901e-09
ATT	9.90243336559171e-10	0.9999999962169899	1.629271748977943e-09	1.163495069718881e-09
ATC	1.9690613071999743e-09	0.9999999924331261	4.0722403140117444e-09	1.5255723203358317e-09
ATG	1.3953531913018389e-09	0.9999999945257164	2.654637669187899e-09	1.4242927444290086e-09
TCA	1.6764430183865502e-09	1.2629680251278815e-09	0.9999999960756095	9.84979464289781e-10
TCT	1.4392672397270364e-09	1.0313172851031413e-09	0.9999999966339879	8.954276221506239e-10
TCC	2.0962982020658916e-09	1.5705568798300104e-09	0.9999999950491153	1.2840295976679978e-09
TCG	1.3979208597126845e-08	1.5839981731269856e-08	0.9999999605334171	9.647392614607235e-09
TTA	1.1667656264255667e-09	0.9999999952616507	2.5148649803719455e-09	1.0567186735198898e-09
TTT	6.008481383195306e-10	0.999999997202425	1.5238583277668298e-09	6.7286852223086e-10
TTC	1.2798820506432729e-09	0.9999999934388871	4.307117216358928e-09	9.74113631781434e-10
TTG	1.301469011686945e-09	0.9999999936281457	3.77684603426348e-09	1.2935392338170416e-09
CCA	2.475225984263324e-09	1.5174974625727925e-09	0.9999999949321886	1.075087992246706e-09
CCT	2.6564742064709795e-09	1.301942360169719e-09	0.9999999949099618	1.1316215833147084e-09
CCC	4.3356584465171596e-09	1.9806019844005865e-09	0.9999999921206698	1.5630697203419716e-09
CCG	1.632799639171666e-08	1.625209286436946e-08	0.999999959286486	8.133424706280973e-09
CTA	1.7330517956266168e-09	0.999999986486676	9.961258440553769e-09	1.8190137514350439e-09
CTT	1.1420810254110649e-09	0.9999999880761475	9.351611393692568e-09	1.430160018632501e-09
CTC	1.5613110104173126e-09	0.999999812859395	1.8434248690493383e-07	1.236807116492169e-09
CTG	1.2317668663604956e-09	0.9999992972166726	7.002168755276069e-07	1.3346850332111437e-09
GCA	2.8935034143950096e-09	3.356039099819772e-09	0.9999999915947586	2.155698924546252e-09
GCT	2.0412100809223347e-09	1.7854717529049673e-09	0.9999999946913711	1.4819470733289768e-09
GCC	2.359399596294327e-09	2.5502385010839697e-09	0.999999993320675	1.7696868706175226e-09
GCG	1.218166292175035e-08	2.8799487454772534e-08	0.9999999487924084	1.0226441279176509e-08
GTA	2.1519847346711973e-09	0.9999999913932418	4.545304577006528e-09	1.9094688902148186e-09
GTT	1.659535989840354e-09	0.9999999925231299	3.913583660067789e-09	1.9037504285533515e-09
GTC	2.8022374732995814e-09	0.999999987003126	8.074420083945427e-09	2.1202164672283727e-09
GTG	1.9247672421058644e-09	0.999999992118406	4.1900439678475076e-09	1.7667827941558212e-09
TGT	1.3804747873952342e-09	1.3666863200791507e-09	9.725849773668943e-10	0.9999999962802539
AGT	1.4218855799919415e-09	1.6158592173817623e-09	1.2382087392759324e-09	0.9999999957240464
GGT	2.211036601222425e-09	2.2143127344797525e-09	1.7202436672093363e-09	0.999999993854407
CGT	1.7864195573341415e-08	9.874248289303772e-09	8.221989181921517e-09	0.9999999640395669
TAT	0.999999995356611	1.2623288282068555e-09	1.1931671884725901e-09	2.1878929968216202e-09
AAT	0.9999999962169899	9.90243336559171e-10	1.163495069718881e-09	1.629271748977943e-09
GAT	0.9999999924331261	1.9690613071999743e-09	1.5255723203358317e-09	4.0722403140117444e-09
CAT	0.9999999945257164	1.3953531913018389e-09	1.4242927444290086e-09	2.654637669187899e-09
TGA	1.2629680251278815e-09	1.6764430183865502e-09	9.84979464289781e-10	0.9999999960756095
AGA	1.0313172851031413e-09	1.4392672397270364e-09	8.954276221506239e-10	0.9999999966339879
GGA	1.5705568798300104e-09	2.0962982020658916e-09	1.2840295976679978e-09	0.9999999950491153
CGA	1.5839981731269856e-08	1.3979208597126845e-08	9.647392614607235e-09	0.9999999605334171
TAA	0.9999999952616507	1.1667656264255667e-09	1.0567186735198898e-09	2.5148649803719455e-09
AAA	0.999999997202425	6.008481383195306e-10	6.7286852223086e-10	1.5238583277668298e-09
GAA	0.9999999934388871	1.2798820506432729e-09	9.74113631781434e-10	4.307117216358928e-09
CAA	0.9999999936281457	1.301469011686945e-09	1.2935392338170416e-09	3.77684603426348e-09
TGG	1.5174974625727925e-09	2.475225984263324e-09	1.075087992246706e-09	0.9999999949321886
AGG	1.301942360169719e-09	2.6564742064709795e-09	1.1316215833147084e-09	0.9999999949099618
GGG	1.9806019844005865e-09	4.3356584465171596e-09	1.5630697203419716e-09	0.9999999921206698
CGG	1.625209286436946e-08	1.632799639171666e-08	8.133424706280973e-09	0.999999959286486
TAG	0.999999986486676	1.7330517956266168e-09	1.8190137514350439e-09	9.961258440553769e-09
AAG	0.9999999880761475	1.1420810254110649e-09	1.430160018632501e-09	9.351611393692568e-09
GAG	0.999999812859395	1.5613110104173126e-09	1.236807116492169e-09	1.8434248690493383e-07
CAG	0.9999992972166726	1.2317668663604956e-09	1.3346850332111437e-09	7.002168755276069e-07
TGC	3.356039099819772e-09	2.8935034143950096e-09	2.155698924546252e-09	0.9999999915947586
AGC	1.7854717529049673e-09	2.0412100809223347e-09	1.4819470733289768e-09	0.9999999946913711
GGC	2.5502385010839697e-09	2.359399596294327e-09	1.7696868706175226e-09	0.999999993320675
CGC	2.8799487454772534e-08	1.218166292175035e-08	1.0226441279176509e-08	0.9999999487924084
TAC	0.9999999913932418	2.1519847346711973e-09	1.9094688902148186e-09	4.545304577006528e-09
AAC	0.9999999925231299	1.659535989840354e-09	1.9037504285533515e-09	3.913583660067789e-09
GAC	0.999999987003126	2.8022374732995814e-09	2.1202164672283727e-09	8.074420083945427e-09
CAC	0.999999992118406	1.9247672421058644e-09	1.7667827941558212e-09	4.1900439678475076e-09
